8.546
8.410
8.243
8.114
7.880
7.711
7.463
7.295
7.167
7.068
6.990
6.803
6.684
6.533
6.389
6.233
6.042
5.843
5.691
5.585
5.539
5.512
5.420
5.241
5.129
5.025
4.901
4.774
4.677
4.650
4.573
4.520
4.458
4.403
4.309
4.261
4.234
4.165
3.998
3.918
3.842
3.806
3.739
3.719
3.655
3.615
3.641
3.624
3.626
3.574
3.572
3.548
3.556
3.559
3.570
3.638
3.648
3.695
3.711
3.720
3.780
3.826
3.916
4.006
4.111
4.096
4.190
4.285
4.334
4.389
4.486
4.564
4.592
4.688
4.709
4.809
4.847
4.993
5.083
5.205
5.417
5.464
5.607
5.698
5.854
6.016
6.183
6.264
6.334
6.481
6.579
6.708
6.869
6.981
7.097
7.224
7.336
7.502
7.624
7.755
7.939
8.036
8.146
8.203
8.372
8.566
8.690
8.784
8.904
8.975
9.063
9.065
9.138
9.263
9.331
9.460
9.550
9.620
9.698
9.812
9.949
10.043
10.243
10.456
10.582
10.613
10.644
10.768
10.931
10.891
10.975
11.076
11.150
11.217
11.344
11.396
11.479
11.638
11.905
11.979
12.116
12.227
12.320
12.465
12.469
12.515
12.562
12.677
12.710
12.781
12.979
13.115
13.242
13.363
13.426
13.533
13.621
13.745
13.865
13.892
13.964
14.093
14.233
14.303
14.415
14.571
14.703
14.831
15.014
15.084
15.186
15.401
15.533
15.592
15.645
15.796
15.907
15.984
16.084
16.153
16.306
16.401
16.449
16.512
16.601
16.627
16.627
16.632
16.642
16.533
16.489
16.494
16.665
16.712
16.760
16.803
16.845
16.873
17.017
17.167
17.276
17.411
17.520
17.639
17.757
17.822
17.916
17.883
17.963
17.996
18.086
18.160
18.272
18.263
18.415
18.637
18.625
18.578
18.640
18.739
18.769
18.801
18.819
18.860
18.909
19.046
19.097
19.014
18.987
19.006
19.050
19.124
19.150
19.171
19.166
19.073
19.003
18.995
19.091
19.190
19.218
19.234
19.205
19.183
19.178
19.223
19.300
19.346
19.389
19.326
19.341
19.496
19.541
19.600
19.683
19.784
19.814
19.890
19.966
20.094
20.178
20.168
20.201
20.140
20.087
20.019
19.989
19.978
20.053
20.062
19.979
19.881
19.803
19.670
19.602
19.635
19.513
19.555
19.625
19.543
19.441
19.418
19.384
19.274
19.222
19.182
19.108
19.037
18.971
18.880
18.858
18.816
18.733
18.636
18.627
18.650
18.652
18.640
18.562
18.539
18.450
18.384
18.287
18.193
18.049
17.857
17.817
17.776
17.685
17.603
17.502
17.387
17.266
17.129
17.017
16.906
16.690
16.591
16.469
16.282
16.169
16.059
16.003
15.886
15.773
15.649
15.531
15.359
15.230
15.095
14.939
14.791
14.637
14.486
14.375
14.218
14.131
14.031
13.863
13.726
13.586
13.383
13.278
13.015
12.819
12.699
12.575
12.542
12.263
12.057
11.805
11.521
11.378
11.135
11.025
10.714
10.473
10.356
10.174
10.046
9.943
9.832
9.701
9.605
9.508
